size = 1024, time = 0.032794
size = 1048576, time = 0.011185
