size = 1024 Time = 0.047855
size = 1048576 Time = 0.011748
