size = 1024, time = 0.034429
size = 1048576, time = 0.024289
