size = 1024 Time = 0.071921
size = 1048576 Time = 0.025430
