Time = 0.594963; Result = 1.113444; Runge rule: EPS 1.000000e-06, n 20000000
Speedup = 3.955818