Time = 0.134669; Result = 1.113444; Runge rule: EPS 1.000000e-06, n 20000000
Speedup = 17.476624