Time: 0.453511 Result: 0.399569643077, n 100000000
Speedup: 18.222297