Time: 1.816514 Result: 0.399570582566, n 100000000
Speedup: 3.386302