Time: 0.290705 Result: 0.399579776965, n 100000000
Speedup: 23.388977