Time: 0.067819 Result: 0.399527958076, n 10000000
Speedup: 9.084260