Time: 0.051929 Result: 0.399578001405, n 10000000
Speedup: 11.863600