Time: 0.473445 Result: 0.399553988685, n 100000000
Speedup: 12.992563