Time: 0.181765 Result: 0.399601125044, n 10000000
Speedup: 3.389459