Time: 0.059241 Result: 0.399529627164, n 10000000
Speedup: 10.399331